camera1:
  qw: -0.008091307440453192
  qx: -0.04679418178178625
  qy: -0.8840937925491074
  qz: 0.4648903110104717
  tx: 0.06821005031974207
  ty: 0.4743239618366445
  tz: 0.4297046471285954
camera2:
  qw: -0.3820426357945594
  qx: 0.644096533369055
  qy: -0.6583046920174884
  qz: 0.07627589792897393
  tx: -0.355379995281223
  ty: -0.1423158832018629
  tz: 0.4468934726087873
camera3:
  qw: 0.5510442405355473
  qx: -0.8330401475348855
  qy: 0.04743002801246517
  qz: 0.01203120984750832
  tx: -0.04173725281369999
  ty: -0.4358392596837284
  tz: 0.1822248623331706