camera1:
  qw: 0.9151923803938484
  qx: -0.004870878263206777
  qy: 0.3938597192890314
  qz: 0.08528612912436524
  tx: -0.3827956821289174
  ty: -0.08969860105610926
  tz: 0.4495350975424238
camera2:
  qw: -0.6838116327859657
  qx: -0.2040703038592127
  qy: -0.24110377741995
  qz: 0.6577430394589484
  tx: 0.04898613019628597
  ty: 0.4793735096625117
  tz: 0.4247457456481234
camera3:
  qw: 0.7415976428142317
  qx: -0.1150284246518252
  qy: 0.1519331041418883
  qz: 0.6432088924999835
  tx: -0.01980134995880897
  ty: -0.4106189346904562
  tz: 0.1816059146080917
