camera1:
  qw: -0.7412685234888226
  qx: -0.2069064478306222
  qy: -0.2188373550735467
  qz: 0.5998507571393867
  tx: -0.02864796585652451
  ty: 0.4092201370914109
  tz: 0.2967007972092173
camera2:
  qw: -0.2673845139315564
  qx: -0.3430440367963231
  qy: -0.045831383449434
  qz: 0.8992918159933645
  tx: 0.3605178778998137
  ty: 0.2148695582812356
  tz: 0.4404878734697663
camera3:
  qw: 0.9208607812559785
  qx: 0.01887763133654092
  qy: 0.2722729678658256
  qz: 0.278435697029021
  tx: -0.4988127841147642
  ty: -0.327918737059504
  tz: 0.4145801344229559
