camera1:
  qw: -0.8599227827383934
  qx: -0.1716576688495278
  qy: -0.4784455010109944
  qz: -0.04643679468275515
  tx: -0.3418931437775582
  ty: -0.1260328809318186
  tz: 0.429601665155459
camera2:
  qw: -0.6022173604119935
  qx: -0.2566412214430096
  qy: -0.2843610027090598
  qz: 0.7004343865819361
  tx: 0.03639502711357163
  ty: 0.4656043679803106
  tz: 0.4213777477452283
camera3:
  qw: 0.7348235844923851
  qx: -0.1169485239868516
  qy: 0.1459625832558064
  qz: 0.6519602875414283
  tx: -0.0121392417893627
  ty: -0.417212077002874
  tz: 0.1796321722884569
