camera1:
  qw: -0.008284718471992096
  qx: -0.04681232737750014
  qy: -0.8840704133659142
  qz: 0.4649295362271179
  tx: 0.06795352667092801
  ty: 0.4742773126762316
  tz: 0.4295316680821659
camera2:
  qw: -0.3819920948038458
  qx: 0.6442275462042317
  qy: -0.6582080519102876
  qz: 0.07625659721957427
  tx: -0.3553078878790946
  ty: -0.1422845560226405
  tz: 0.4467833083870886
camera3:
  qw: 0.5506474066117116
  qx: -0.8333069747131335
  qy: 0.04718061650584977
  qz: 0.01268498767714279
  tx: -0.04111915956700078
  ty: -0.4357412646197625
  tz: 0.1825997410479623