camera1:
  qw: -0.1847516891570723
  qx: -0.4532066491619857
  qy: -0.1157394144155795
  qz: 0.864334978665782
  tx: 0.3890519685577362
  ty: 0.09818185826637973
  tz: 0.6438000781540878
camera2:
  qw: -0.6781921737163916
  qx: -0.2221514132445033
  qy: -0.3391568696378174
  qz: 0.6129247248840971
  tx: -0.1486742404788092
  ty: 0.4002771696718873
  tz: 0.4294000905746373
camera3:
  qw: -0.8840020148462273
  qx: -0.04548096622951195
  qy: -0.4393034170984308
  qz: 0.15324613213727
  tx: -0.7630588950971373
  ty: 0.5307564376233751
  tz: 1.481905005541459
