camera1:
  qw: -0.3766167843990495
  qx: -0.4142313970073064
  qy: -0.1645680984630302
  qz: 0.8120895943773839
  tx: 0.4242153974438531
  ty: 0.46263668310268
  tz: 0.828551114697089
camera2:
  qw: 0.3667928105262481
  qx: -0.3887904248003237
  qy: 0.1444277306253714
  qz: 0.8327338385400875
  tx: 0.5510743597729473
  ty: -0.4630420883692136
  tz: 0.8183001914542806
camera3:
  qw: 0.8630495790522
  qx: -0.02959519599475563
  qy: 0.5040865419450862
  qz: -0.01289405027321516
  tx: -0.4667937945420814
  ty: -0.0187720045382087
  tz: 0.8154248427235891
