camera1:
  qw: 0.6499257621937902
  qx: -0.3575296346759828
  qy: 0.1810377477524555
  qz: 0.6457510501264891
  tx: 0.02633181037354256
  ty: -0.6567251177991459
  tz: 0.6699636607501955
camera2:
  qw: 0.6669363607669754
  qx: -0.1770239136203937
  qy: 0.2065144665299103
  qz: 0.6936931420309362
  tx: 0.1878877617795979
  ty: -0.5978506841059743
  tz: 0.4766611700661521
camera3:
  qw: 0.401755511183128
  qx: -0.1805480598445708
  qy: 0.1623456079292838
  qz: 0.8829715514880233
  tx: 0.558465907097939
  ty: -0.5331391105568437
  tz: 0.4353284228775195
